    1    52     1000.0 
    1    53     1000.0 
    2    51     7000.0 
    2    52     7000.0 
    2    53     1000.0 
    2    54     1000.0 
    3    50     7000.0 
    3    51     7000.0 
    3    52     1000.0 
    3    53     1000.0 
    3    54     7000.0 
    3    55     7000.0 
    4    49     7000.0 
    4    50     7000.0 
    4    51     7000.0 
    4    52     7000.0 
    4    53     1000.0 
    4    54     1000.0 
    4    55     7000.0 
    4    56     7000.0 
    5    48     7000.0 
    5    49     7000.0 
    5    50     7000.0 
    5    51     7000.0 
    5    52     1000.0 
    5    53     1000.0 
    5    54     7000.0 
    5    55     7000.0 
    5    56     7000.0 
    5    57     7000.0 
    6    47     7000.0 
    6    48     7000.0 
    6    49     7000.0 
    6    50     7000.0 
    6    51     7000.0 
    6    52     7000.0 
    6    53     1000.0 
    6    54     1000.0 
    6    55     7000.0 
    6    56     7000.0 
    6    57     7000.0 
    6    58     7000.0 
    7    46     7000.0 
    7    47     7000.0 
    7    48     7000.0 
    7    49     7000.0 
    7    50     7000.0 
    7    51     7000.0 
    7    52     7000.0 
    7    53     7000.0 
    7    54     1000.0 
    7    55     1000.0 
    7    56     7000.0 
    7    57     7000.0 
    7    58     7000.0 
    7    59     7000.0 
    8    45     7000.0 
    8    46     7000.0 
    8    47     7000.0 
    8    48     7000.0 
    8    49     7000.0 
    8    50     7000.0 
    8    51     7000.0 
    8    52     7000.0 
    8    53     1000.0 
    8    54     1000.0 
    8    55     7000.0 
    8    56     7000.0 
    8    57     3000.0 
    8    58     3000.0 
    8    59     7000.0 
    8    60     7000.0 
    9    44     7000.0 
    9    45     7000.0 
    9    46     7000.0 
    9    47     7000.0 
    9    48     7000.0 
    9    49     7000.0 
    9    50     7000.0 
    9    51     7000.0 
    9    52     7000.0 
    9    53     7000.0 
    9    54     1000.0 
    9    55     1000.0 
    9    56     7000.0 
    9    57     7000.0 
    9    58     3000.0 
    9    59     3000.0 
    9    60     7000.0 
    9    61     7000.0 
   10    43     7000.0 
   10    44     7000.0 
   10    45     7000.0 
   10    46     7000.0 
   10    47     7000.0 
   10    48     7000.0 
   10    49     7000.0 
   10    50     7000.0 
   10    51     7000.0 
   10    52     7000.0 
   10    53     7000.0 
   10    54     7000.0 
   10    55     1000.0 
   10    56     1000.0 
   10    57     7000.0 
   10    58     7000.0 
   10    59     3000.0 
   10    60     3000.0 
   10    61     7000.0 
   10    62     7000.0 
   11    42     7000.0 
   11    43     7000.0 
   11    44     7000.0 
   11    45     7000.0 
   11    46     7000.0 
   11    47     7000.0 
   11    48     7000.0 
   11    49     7000.0 
   11    50     7000.0 
   11    51     7000.0 
   11    52     7000.0 
   11    53     7000.0 
   11    54     7000.0 
   11    55     7000.0 
   11    56     1000.0 
   11    57     1000.0 
   11    58     7000.0 
   11    59     7000.0 
   11    60     3000.0 
   11    61     3000.0 
   11    62     7000.0 
   11    63     7000.0 
   12    41     7000.0 
   12    42     7000.0 
   12    43     7000.0 
   12    44     7000.0 
   12    45     7000.0 
   12    46     7000.0 
   12    47     7000.0 
   12    48     7000.0 
   12    49     7000.0 
   12    50     7000.0 
   12    51     7000.0 
   12    52     7000.0 
   12    53     7000.0 
   12    54     7000.0 
   12    55     1000.0 
   12    56     1000.0 
   12    57     3000.0 
   12    58     3000.0 
   12    59     3000.0 
   12    60     3000.0 
   12    61     3000.0 
   12    62     3000.0 
   12    63     7000.0 
   12    64     7000.0 
   13    40     7000.0 
   13    41     7000.0 
   13    42     7000.0 
   13    43     7000.0 
   13    44     7000.0 
   13    45     7000.0 
   13    46     7000.0 
   13    47     7000.0 
   13    48     3000.0 
   13    49     3000.0 
   13    50     7000.0 
   13    51     7000.0 
   13    52     7000.0 
   13    53     7000.0 
   13    54     7000.0 
   13    55     7000.0 
   13    56     1000.0 
   13    57     1000.0 
   13    58     3000.0 
   13    59     3000.0 
   13    60     3000.0 
   13    61     3000.0 
   13    62     3000.0 
   13    63     3000.0 
   13    64     7000.0 
   13    65     7000.0 
   14    39     7000.0 
   14    40     7000.0 
   14    41     7000.0 
   14    42     7000.0 
   14    43     7000.0 
   14    44     7000.0 
   14    45     7000.0 
   14    46     7000.0 
   14    47     3000.0 
   14    48     3000.0 
   14    49     7000.0 
   14    50     7000.0 
   14    51     3000.0 
   14    52     3000.0 
   14    53     7000.0 
   14    54     7000.0 
   14    55     7000.0 
   14    56     7000.0 
   14    57     1000.0 
   14    58     1000.0 
   14    59     3000.0 
   14    60     3000.0 
   14    61     3000.0 
   14    62     3000.0 
   14    63     3000.0 
   14    64     3000.0 
   14    65     7000.0 
   14    66     7000.0 
   15    38     7000.0 
   15    39     7000.0 
   15    40     7000.0 
   15    41     7000.0 
   15    42     3000.0 
   15    43     3000.0 
   15    44     7000.0 
   15    45     7000.0 
   15    46     7000.0 
   15    47     7000.0 
   15    48     3000.0 
   15    49     3000.0 
   15    50     7000.0 
   15    51     7000.0 
   15    52     3000.0 
   15    53     3000.0 
   15    54     7000.0 
   15    55     7000.0 
   15    56     7000.0 
   15    57     7000.0 
   15    58     1000.0 
   15    59     1000.0 
   15    60     3000.0 
   15    61     3000.0 
   15    62     3000.0 
   15    63     3000.0 
   15    64     3000.0 
   15    65     3000.0 
   15    66     7000.0 
   15    67     7000.0 
   16    37     7000.0 
   16    38     7000.0 
   16    39     7000.0 
   16    40     7000.0 
   16    41     3000.0 
   16    42     3000.0 
   16    43     7000.0 
   16    44     7000.0 
   16    45     7000.0 
   16    46     7000.0 
   16    47     3000.0 
   16    48     3000.0 
   16    49     7000.0 
   16    50     7000.0 
   16    51     3000.0 
   16    52     3000.0 
   16    53     7000.0 
   16    54     7000.0 
   16    55     7000.0 
   16    56     7000.0 
   16    57     1000.0 
   16    58     1000.0 
   16    59     7000.0 
   16    60     7000.0 
   16    61     3000.0 
   16    62     3000.0 
   16    63     3000.0 
   16    64     3000.0 
   16    65     3000.0 
   16    66     3000.0 
   16    67     7000.0 
   16    68     7000.0 
   17    36     7000.0 
   17    37     7000.0 
   17    38     3000.0 
   17    39     3000.0 
   17    40     7000.0 
   17    41     7000.0 
   17    42     3000.0 
   17    43     3000.0 
   17    44     7000.0 
   17    45     7000.0 
   17    46     7000.0 
   17    47     7000.0 
   17    48     3000.0 
   17    49     3000.0 
   17    50     7000.0 
   17    51     7000.0 
   17    52     3000.0 
   17    53     3000.0 
   17    54     7000.0 
   17    55     7000.0 
   17    56     7000.0 
   17    57     7000.0 
   17    58     1000.0 
   17    59     1000.0 
   17    60     7000.0 
   17    61     7000.0 
   17    62     3000.0 
   17    63     3000.0 
   17    64     3000.0 
   17    65     3000.0 
   17    66     3000.0 
   17    67     3000.0 
   17    68     7000.0 
   17    69     7000.0 
   18    35     7000.0 
   18    36     7000.0 
   18    37     3000.0 
   18    38     3000.0 
   18    39     7000.0 
   18    40     7000.0 
   18    41     3000.0 
   18    42     3000.0 
   18    43     7000.0 
   18    44     7000.0 
   18    45     3000.0 
   18    46     3000.0 
   18    47     7000.0 
   18    48     7000.0 
   18    49     3000.0 
   18    50     3000.0 
   18    51     7000.0 
   18    52     7000.0 
   18    53     3000.0 
   18    54     3000.0 
   18    55     7000.0 
   18    56     7000.0 
   18    57     7000.0 
   18    58     7000.0 
   18    59     1000.0 
   18    60     1000.0 
   18    61     7000.0 
   18    62     7000.0 
   18    63     3000.0 
   18    64     3000.0 
   18    65     3000.0 
   18    66     3000.0 
   18    67     3000.0 
   18    68     3000.0 
   18    69     7000.0 
   18    70     7000.0 
   19    34     7000.0 
   19    35     7000.0 
   19    36     3000.0 
   19    37     3000.0 
   19    38     7000.0 
   19    39     7000.0 
   19    40     3000.0 
   19    41     3000.0 
   19    42     7000.0 
   19    43     7000.0 
   19    44     3000.0 
   19    45     3000.0 
   19    46     7000.0 
   19    47     7000.0 
   19    48     3000.0 
   19    49     3000.0 
   19    50     7000.0 
   19    51     7000.0 
   19    52     3000.0 
   19    53     3000.0 
   19    54     7000.0 
   19    55     7000.0 
   19    56     7000.0 
   19    57     7000.0 
   19    58     7000.0 
   19    59     7000.0 
   19    60     4000.0 
   19    61     4000.0 
   19    62     7000.0 
   19    63     7000.0 
   19    64     3000.0 
   19    65     3000.0 
   19    66     3000.0 
   19    67     3000.0 
   19    68     3000.0 
   19    69     3000.0 
   19    70     7000.0 
   19    71     7000.0 
   20    33     7000.0 
   20    34     7000.0 
   20    35     3000.0 
   20    36     3000.0 
   20    37     7000.0 
   20    38     7000.0 
   20    39     3000.0 
   20    40     3000.0 
   20    41     7000.0 
   20    42     7000.0 
   20    43     3000.0 
   20    44     3000.0 
   20    45     7000.0 
   20    46     7000.0 
   20    47     3000.0 
   20    48     3000.0 
   20    49     7000.0 
   20    50     7000.0 
   20    51     7000.0 
   20    52     7000.0 
   20    53     3000.0 
   20    54     3000.0 
   20    55     7000.0 
   20    56     7000.0 
   20    57     7000.0 
   20    58     7000.0 
   20    59     7000.0 
   20    60     7000.0 
   20    61     4000.0 
   20    62     4000.0 
   20    63     7000.0 
   20    64     7000.0 
   20    65     3000.0 
   20    66     3000.0 
   20    67     3000.0 
   20    68     3000.0 
   20    69     3000.0 
   20    70     3000.0 
   20    71     7000.0 
   20    72     7000.0 
   21    32     7000.0 
   21    33     7000.0 
   21    34     3000.0 
   21    35     3000.0 
   21    36     7000.0 
   21    37     7000.0 
   21    38     3000.0 
   21    39     3000.0 
   21    40     7000.0 
   21    41     7000.0 
   21    42     3000.0 
   21    43     3000.0 
   21    44     7000.0 
   21    45     7000.0 
   21    46     3000.0 
   21    47     3000.0 
   21    48     7000.0 
   21    49     7000.0 
   21    50     7000.0 
   21    51     7000.0 
   21    52     3000.0 
   21    53     3000.0 
   21    54     7000.0 
   21    55     7000.0 
   21    56     7000.0 
   21    57     7000.0 
   21    58     7000.0 
   21    59     7000.0 
   21    60     4000.0 
   21    61     4000.0 
   21    62     3000.0 
   21    63     3000.0 
   21    64     7000.0 
   21    65     7000.0 
   21    66     3000.0 
   21    67     3000.0 
   21    68     3000.0 
   21    69     3000.0 
   21    70     3000.0 
   21    71     3000.0 
   21    72     7000.0 
   21    73     7000.0 
   22    31     7000.0 
   22    32     7000.0 
   22    33     3000.0 
   22    34     3000.0 
   22    35     3000.0 
   22    36     3000.0 
   22    37     7000.0 
   22    38     7000.0 
   22    39     3000.0 
   22    40     3000.0 
   22    41     7000.0 
   22    42     7000.0 
   22    43     3000.0 
   22    44     3000.0 
   22    45     7000.0 
   22    46     7000.0 
   22    47     3000.0 
   22    48     3000.0 
   22    49     7000.0 
   22    50     7000.0 
   22    51     7000.0 
   22    52     7000.0 
   22    53     3000.0 
   22    54     3000.0 
   22    55     7000.0 
   22    56     7000.0 
   22    57     7000.0 
   22    58     7000.0 
   22    59     7000.0 
   22    60     7000.0 
   22    61     4000.0 
   22    62     4000.0 
   22    63     3000.0 
   22    64     3000.0 
   22    65     7000.0 
   22    66     7000.0 
   22    67     3000.0 
   22    68     3000.0 
   22    69     3000.0 
   22    70     3000.0 
   22    71     3000.0 
   22    72     3000.0 
   22    73     7000.0 
   22    74     7000.0 
   23    30     7000.0 
   23    31     7000.0 
   23    32     3000.0 
   23    33     3000.0 
   23    34     3000.0 
   23    35     3000.0 
   23    36     7000.0 
   23    37     7000.0 
   23    38     3000.0 
   23    39     3000.0 
   23    40     7000.0 
   23    41     7000.0 
   23    42     3000.0 
   23    43     3000.0 
   23    44     7000.0 
   23    45     7000.0 
   23    46     3000.0 
   23    47     3000.0 
   23    48     7000.0 
   23    49     7000.0 
   23    50     7000.0 
   23    51     7000.0 
   23    52     3000.0 
   23    53     3000.0 
   23    54     7000.0 
   23    55     7000.0 
   23    56     7000.0 
   23    57     7000.0 
   23    58     7000.0 
   23    59     7000.0 
   23    60     4000.0 
   23    61     4000.0 
   23    62     3000.0 
   23    63     3000.0 
   23    64     7000.0 
   23    65     7000.0 
   23    66     7000.0 
   23    67     7000.0 
   23    68     3000.0 
   23    69     3000.0 
   23    70     3000.0 
   23    71     3000.0 
   23    72     3000.0 
   23    73     3000.0 
   23    74     7000.0 
   23    75     7000.0 
   24    29     7000.0 
   24    30     7000.0 
   24    31     3000.0 
   24    32     3000.0 
   24    33     3000.0 
   24    34     3000.0 
   24    35     7000.0 
   24    36     7000.0 
   24    37     3000.0 
   24    38     3000.0 
   24    39     7000.0 
   24    40     7000.0 
   24    41     3000.0 
   24    42     3000.0 
   24    43     7000.0 
   24    44     7000.0 
   24    45     3000.0 
   24    46     3000.0 
   24    47     7000.0 
   24    48     7000.0 
   24    49     3000.0 
   24    50     3000.0 
   24    51     7000.0 
   24    52     7000.0 
   24    53     3000.0 
   24    54     3000.0 
   24    55     7000.0 
   24    56     7000.0 
   24    57     7000.0 
   24    58     7000.0 
   24    59     7000.0 
   24    60     7000.0 
   24    61     4000.0 
   24    62     4000.0 
   24    63     3000.0 
   24    64     3000.0 
   24    65     7000.0 
   24    66     7000.0 
   24    67     7000.0 
   24    68     7000.0 
   24    69     3000.0 
   24    70     3000.0 
   24    71     3000.0 
   24    72     3000.0 
   24    73     3000.0 
   24    74     3000.0 
   24    75     7000.0 
   24    76     7000.0 
   25    28     7000.0 
   25    29     7000.0 
   25    30     3000.0 
   25    31     3000.0 
   25    32     3000.0 
   25    33     3000.0 
   25    34     7000.0 
   25    35     7000.0 
   25    36     3000.0 
   25    37     3000.0 
   25    38     7000.0 
   25    39     7000.0 
   25    40     3000.0 
   25    41     3000.0 
   25    42     7000.0 
   25    43     7000.0 
   25    44     3000.0 
   25    45     3000.0 
   25    46     7000.0 
   25    47     7000.0 
   25    48     3000.0 
   25    49     3000.0 
   25    50     7000.0 
   25    51     7000.0 
   25    52     3000.0 
   25    53     3000.0 
   25    54     7000.0 
   25    55     7000.0 
   25    56     7000.0 
   25    57     7000.0 
   25    58     7000.0 
   25    59     7000.0 
   25    60     4000.0 
   25    61     4000.0 
   25    62     3000.0 
   25    63     3000.0 
   25    64     7000.0 
   25    65     7000.0 
   25    66     7000.0 
   25    67     7000.0 
   25    68     3000.0 
   25    69     3000.0 
   25    70     3000.0 
   25    71     3000.0 
   25    72     3000.0 
   25    73     3000.0 
   25    74     7000.0 
   25    75     7000.0 
   25    76     7000.0 
   25    77     7000.0 
   26    27     7000.0 
   26    28     7000.0 
   26    29     3000.0 
   26    30     3000.0 
   26    31     3000.0 
   26    32     3000.0 
   26    33     7000.0 
   26    34     7000.0 
   26    35     3000.0 
   26    36     3000.0 
   26    37     7000.0 
   26    38     7000.0 
   26    39     3000.0 
   26    40     3000.0 
   26    41     7000.0 
   26    42     7000.0 
   26    43     3000.0 
   26    44     3000.0 
   26    45     7000.0 
   26    46     7000.0 
   26    47     3000.0 
   26    48     3000.0 
   26    49     7000.0 
   26    50     7000.0 
   26    51     3000.0 
   26    52     3000.0 
   26    53     7000.0 
   26    54     7000.0 
   26    55     7000.0 
   26    56     7000.0 
   26    57     7000.0 
   26    58     7000.0 
   26    59     7000.0 
   26    60     7000.0 
   26    61     7000.0 
   26    62     7000.0 
   26    63     3000.0 
   26    64     3000.0 
   26    65     7000.0 
   26    66     7000.0 
   26    67     7000.0 
   26    68     7000.0 
   26    69     3000.0 
   26    70     3000.0 
   26    71     3000.0 
   26    72     3000.0 
   26    73     3000.0 
   26    74     3000.0 
   26    75     7000.0 
   26    76     7000.0 
   26    77     7000.0 
   26    78     7000.0 
   27    26     7000.0 
   27    27     7000.0 
   27    28     3000.0 
   27    29     3000.0 
   27    30     3000.0 
   27    31     3000.0 
   27    32     7000.0 
   27    33     7000.0 
   27    34     3000.0 
   27    35     3000.0 
   27    36     7000.0 
   27    37     7000.0 
   27    38     3000.0 
   27    39     3000.0 
   27    40     7000.0 
   27    41     7000.0 
   27    42     3000.0 
   27    43     3000.0 
   27    44     7000.0 
   27    45     7000.0 
   27    46     3000.0 
   27    47     3000.0 
   27    48     7000.0 
   27    49     7000.0 
   27    50     3000.0 
   27    51     3000.0 
   27    52     7000.0 
   27    53     7000.0 
   27    54     7000.0 
   27    55     7000.0 
   27    56     7000.0 
   27    57     7000.0 
   27    58     7000.0 
   27    59     7000.0 
   27    60     7000.0 
   27    61     7000.0 
   27    62     3000.0 
   27    63     3000.0 
   27    64     7000.0 
   27    65     7000.0 
   27    66     3000.0 
   27    67     3000.0 
   27    68     7000.0 
   27    69     7000.0 
   27    70     3000.0 
   27    71     3000.0 
   27    72     3000.0 
   27    73     3000.0 
   27    74     3000.0 
   27    75     3000.0 
   27    76     7000.0 
   27    77     7000.0 
   27    78     7000.0 
   27    79     7000.0 
   28    25     7000.0 
   28    26     7000.0 
   28    27     3000.0 
   28    28     3000.0 
   28    29     3000.0 
   28    30     3000.0 
   28    31     7000.0 
   28    32     7000.0 
   28    33     3000.0 
   28    34     3000.0 
   28    35     7000.0 
   28    36     7000.0 
   28    37     3000.0 
   28    38     3000.0 
   28    39     7000.0 
   28    40     7000.0 
   28    41     3000.0 
   28    42     3000.0 
   28    43     7000.0 
   28    44     7000.0 
   28    45     3000.0 
   28    46     3000.0 
   28    47     7000.0 
   28    48     7000.0 
   28    49     3000.0 
   28    50     3000.0 
   28    51     7000.0 
   28    52     7000.0 
   28    53     7000.0 
   28    54     7000.0 
   28    55     7000.0 
   28    56     7000.0 
   28    57     7000.0 
   28    58     7000.0 
   28    59     7000.0 
   28    60     7000.0 
   28    61     3000.0 
   28    62     3000.0 
   28    63     7000.0 
   28    64     7000.0 
   28    65     3000.0 
   28    66     3000.0 
   28    67     7000.0 
   28    68     7000.0 
   28    69     3000.0 
   28    70     3000.0 
   28    71     3000.0 
   28    72     3000.0 
   28    73     3000.0 
   28    74     3000.0 
   28    75     7000.0 
   28    76     7000.0 
   28    77     3000.0 
   28    78     3000.0 
   28    79     7000.0 
   28    80     7000.0 
   29    24     7000.0 
   29    25     7000.0 
   29    26     3000.0 
   29    27     3000.0 
   29    28     3000.0 
   29    29     3000.0 
   29    30     7000.0 
   29    31     7000.0 
   29    32     3000.0 
   29    33     3000.0 
   29    34     7000.0 
   29    35     7000.0 
   29    36     3000.0 
   29    37     3000.0 
   29    38     7000.0 
   29    39     7000.0 
   29    40     3000.0 
   29    41     3000.0 
   29    42     7000.0 
   29    43     7000.0 
   29    44     3000.0 
   29    45     3000.0 
   29    46     3000.0 
   29    47     3000.0 
   29    48     7000.0 
   29    49     7000.0 
   29    50     3000.0 
   29    51     3000.0 
   29    52     7000.0 
   29    53     7000.0 
   29    54     7000.0 
   29    55     7000.0 
   29    56     7000.0 
   29    57     7000.0 
   29    58     7000.0 
   29    59     7000.0 
   29    60     7000.0 
   29    61     7000.0 
   29    62     3000.0 
   29    63     3000.0 
   29    64     7000.0 
   29    65     7000.0 
   29    66     3000.0 
   29    67     3000.0 
   29    68     7000.0 
   29    69     7000.0 
   29    70     3000.0 
   29    71     3000.0 
   29    72     3000.0 
   29    73     3000.0 
   29    74     3000.0 
   29    75     3000.0 
   29    76     7000.0 
   29    77     7000.0 
   29    78     3000.0 
   29    79     3000.0 
   29    80     7000.0 
   29    81     7000.0 
   30    23     7000.0 
   30    24     7000.0 
   30    25     3000.0 
   30    26     3000.0 
   30    27     3000.0 
   30    28     3000.0 
   30    29     7000.0 
   30    30     7000.0 
   30    31     3000.0 
   30    32     3000.0 
   30    33     7000.0 
   30    34     7000.0 
   30    35     3000.0 
   30    36     3000.0 
   30    37     7000.0 
   30    38     7000.0 
   30    39     3000.0 
   30    40     3000.0 
   30    41     7000.0 
   30    42     7000.0 
   30    43     3000.0 
   30    44     3000.0 
   30    45     3000.0 
   30    46     3000.0 
   30    47     7000.0 
   30    48     7000.0 
   30    49     3000.0 
   30    50     3000.0 
   30    51     7000.0 
   30    52     7000.0 
   30    53     7000.0 
   30    54     7000.0 
   30    55     3000.0 
   30    56     3000.0 
   30    57     3000.0 
   30    58     3000.0 
   30    59     7000.0 
   30    60     7000.0 
   30    61     7000.0 
   30    62     7000.0 
   30    63     3000.0 
   30    64     3000.0 
   30    65     7000.0 
   30    66     7000.0 
   30    67     3000.0 
   30    68     3000.0 
   30    69     7000.0 
   30    70     7000.0 
   30    71     3000.0 
   30    72     3000.0 
   30    73     3000.0 
   30    74     3000.0 
   30    75     3000.0 
   30    76     3000.0 
   30    77     7000.0 
   30    78     7000.0 
   30    79     3000.0 
   30    80     3000.0 
   30    81     7000.0 
   30    82     7000.0 
   31    22     7000.0 
   31    23     7000.0 
   31    24     3000.0 
   31    25     3000.0 
   31    26     3000.0 
   31    27     3000.0 
   31    28     7000.0 
   31    29     7000.0 
   31    30     3000.0 
   31    31     3000.0 
   31    32     7000.0 
   31    33     7000.0 
   31    34     3000.0 
   31    35     3000.0 
   31    36     7000.0 
   31    37     7000.0 
   31    38     3000.0 
   31    39     3000.0 
   31    40     7000.0 
   31    41     7000.0 
   31    42     3000.0 
   31    43     3000.0 
   31    44     3000.0 
   31    45     3000.0 
   31    46     7000.0 
   31    47     7000.0 
   31    48     3000.0 
   31    49     3000.0 
   31    50     7000.0 
   31    51     7000.0 
   31    52     7000.0 
   31    53     7000.0 
   31    54     3000.0 
   31    55     3000.0 
   31    56     3000.0 
   31    57     3000.0 
   31    58     7000.0 
   31    59     7000.0 
   31    60     7000.0 
   31    61     7000.0 
   31    62     3000.0 
   31    63     3000.0 
   31    64     7000.0 
   31    65     7000.0 
   31    66     3000.0 
   31    67     3000.0 
   31    68     7000.0 
   31    69     7000.0 
   31    70     3000.0 
   31    71     3000.0 
   31    72     3000.0 
   31    73     3000.0 
   31    74     3000.0 
   31    75     3000.0 
   31    76     7000.0 
   31    77     7000.0 
   31    78     3000.0 
   31    79     3000.0 
   31    80     7000.0 
   31    81     7000.0 
   31    82     3000.0 
   31    83     3000.0 
   32    21     7000.0 
   32    22     7000.0 
   32    23     3000.0 
   32    24     3000.0 
   32    25     3000.0 
   32    26     3000.0 
   32    27     7000.0 
   32    28     7000.0 
   32    29     3000.0 
   32    30     3000.0 
   32    31     7000.0 
   32    32     7000.0 
   32    33     3000.0 
   32    34     3000.0 
   32    35     7000.0 
   32    36     7000.0 
   32    37     3000.0 
   32    38     3000.0 
   32    39     7000.0 
   32    40     7000.0 
   32    41     3000.0 
   32    42     3000.0 
   32    43     3000.0 
   32    44     3000.0 
   32    45     7000.0 
   32    46     7000.0 
   32    47     3000.0 
   32    48     3000.0 
   32    49     7000.0 
   32    50     7000.0 
   32    51     7000.0 
   32    52     7000.0 
   32    53     3000.0 
   32    54     3000.0 
   32    55     3000.0 
   32    56     3000.0 
   32    57     7000.0 
   32    58     7000.0 
   32    59     7000.0 
   32    60     7000.0 
   32    61     7000.0 
   32    62     7000.0 
   32    63     3000.0 
   32    64     3000.0 
   32    65     7000.0 
   32    66     7000.0 
   32    67     3000.0 
   32    68     3000.0 
   32    69     7000.0 
   32    70     7000.0 
   32    71     3000.0 
   32    72     3000.0 
   32    73     3000.0 
   32    74     3000.0 
   32    75     3000.0 
   32    76     3000.0 
   32    77     7000.0 
   32    78     7000.0 
   32    79     3000.0 
   32    80     3000.0 
   32    81     7000.0 
   32    82     7000.0 
   32    83     3000.0 
   32    84     3000.0 
   33    20     7000.0 
   33    21     7000.0 
   33    22     3000.0 
   33    23     3000.0 
   33    24     3000.0 
   33    25     3000.0 
   33    26     7000.0 
   33    27     7000.0 
   33    28     3000.0 
   33    29     3000.0 
   33    30     7000.0 
   33    31     7000.0 
   33    32     3000.0 
   33    33     3000.0 
   33    34     7000.0 
   33    35     7000.0 
   33    36     3000.0 
   33    37     3000.0 
   33    38     7000.0 
   33    39     7000.0 
   33    40     3000.0 
   33    41     3000.0 
   33    42     3000.0 
   33    43     3000.0 
   33    44     7000.0 
   33    45     7000.0 
   33    46     3000.0 
   33    47     3000.0 
   33    48     7000.0 
   33    49     7000.0 
   33    50     7000.0 
   33    51     7000.0 
   33    52     3000.0 
   33    53     3000.0 
   33    54     3000.0 
   33    55     3000.0 
   33    56     7000.0 
   33    57     7000.0 
   33    58     7000.0 
   33    59     7000.0 
   33    60     7000.0 
   33    61     7000.0 
   33    62     3000.0 
   33    63     3000.0 
   33    64     7000.0 
   33    65     7000.0 
   33    66     3000.0 
   33    67     3000.0 
   33    68     7000.0 
   33    69     7000.0 
   33    70     3000.0 
   33    71     3000.0 
   33    72     3000.0 
   33    73     3000.0 
   33    74     3000.0 
   33    75     3000.0 
   33    76     3000.0 
   33    77     3000.0 
   33    78     3000.0 
   33    79     3000.0 
   33    80     3000.0 
   33    81     3000.0 
   33    82     7000.0 
   33    83     7000.0 
   33    84     3000.0 
   33    85     3000.0 
   34    19     7000.0 
   34    20     7000.0 
   34    21     3000.0 
   34    22     3000.0 
   34    23     3000.0 
   34    24     3000.0 
   34    25     7000.0 
   34    26     7000.0 
   34    27     3000.0 
   34    28     3000.0 
   34    29     7000.0 
   34    30     7000.0 
   34    31     3000.0 
   34    32     3000.0 
   34    33     3000.0 
   34    34     3000.0 
   34    35     3000.0 
   34    36     3000.0 
   34    37     3000.0 
   34    38     3000.0 
   34    39     7000.0 
   34    40     7000.0 
   34    41     3000.0 
   34    42     3000.0 
   34    43     3000.0 
   34    44     3000.0 
   34    45     7000.0 
   34    46     7000.0 
   34    47     3000.0 
   34    48     3000.0 
   34    49     7000.0 
   34    50     7000.0 
   34    51     7000.0 
   34    52     7000.0 
   34    53     3000.0 
   34    54     3000.0 
   34    55     3000.0 
   34    56     3000.0 
   34    57     7000.0 
   34    58     7000.0 
   34    59     7000.0 
   34    60     7000.0 
   34    61     7000.0 
   34    62     7000.0 
   34    63     3000.0 
   34    64     3000.0 
   34    65     7000.0 
   34    66     7000.0 
   34    67     3000.0 
   34    68     3000.0 
   34    69     7000.0 
   34    70     7000.0 
   34    71     3000.0 
   34    72     3000.0 
   34    73     3000.0 
   34    74     3000.0 
   34    75     3000.0 
   34    76     3000.0 
   34    77     3000.0 
   34    78     3000.0 
   34    79     3000.0 
   34    80     3000.0 
   34    81     3000.0 
   34    82     3000.0 
   34    83     7000.0 
   34    84     7000.0 
   34    85     3000.0 
   34    86     3000.0 
   35    18     7000.0 
   35    19     7000.0 
   35    20     3000.0 
   35    21     3000.0 
   35    22     3000.0 
   35    23     3000.0 
   35    24     3000.0 
   35    25     3000.0 
   35    26     3000.0 
   35    27     3000.0 
   35    28     3000.0 
   35    29     3000.0 
   35    30     7000.0 
   35    31     7000.0 
   35    32     3000.0 
   35    33     3000.0 
   35    34     3000.0 
   35    35     3000.0 
   35    36     3000.0 
   35    37     3000.0 
   35    38     3000.0 
   35    39     3000.0 
   35    40     7000.0 
   35    41     7000.0 
   35    42     3000.0 
   35    43     3000.0 
   35    44     3000.0 
   35    45     3000.0 
   35    46     7000.0 
   35    47     7000.0 
   35    48     3000.0 
   35    49     3000.0 
   35    50     7000.0 
   35    51     7000.0 
   35    52     7000.0 
   35    53     7000.0 
   35    54     3000.0 
   35    55     3000.0 
   35    56     3000.0 
   35    57     3000.0 
   35    58     7000.0 
   35    59     7000.0 
   35    60     7000.0 
   35    61     7000.0 
   35    62     7000.0 
   35    63     7000.0 
   35    64     3000.0 
   35    65     3000.0 
   35    66     7000.0 
   35    67     7000.0 
   35    68     3000.0 
   35    69     3000.0 
   35    70     7000.0 
   35    71     7000.0 
   35    72     3000.0 
   35    73     3000.0 
   35    74     3000.0 
   35    75     3000.0 
   35    76     3000.0 
   35    77     3000.0 
   35    78     3000.0 
   35    79     3000.0 
   35    80     3000.0 
   35    81     3000.0 
   35    82     3000.0 
   35    83     3000.0 
   35    84     7000.0 
   35    85     7000.0 
   35    86     3000.0 
   35    87     3000.0 
   36    17     7000.0 
   36    18     7000.0 
   36    19     3000.0 
   36    20     3000.0 
   36    21     3000.0 
   36    22     3000.0 
   36    23     3000.0 
   36    24     3000.0 
   36    25     3000.0 
   36    26     3000.0 
   36    27     3000.0 
   36    28     3000.0 
   36    29     3000.0 
   36    30     3000.0 
   36    31     3000.0 
   36    32     3000.0 
   36    33     3000.0 
   36    34     3000.0 
   36    35     3000.0 
   36    36     3000.0 
   36    37     3000.0 
   36    38     3000.0 
   36    39     3000.0 
   36    40     3000.0 
   36    41     7000.0 
   36    42     7000.0 
   36    43     3000.0 
   36    44     3000.0 
   36    45     3000.0 
   36    46     3000.0 
   36    47     7000.0 
   36    48     7000.0 
   36    49     3000.0 
   36    50     3000.0 
   36    51     7000.0 
   36    52     7000.0 
   36    53     7000.0 
   36    54     7000.0 
   36    55     3000.0 
   36    56     3000.0 
   36    57     3000.0 
   36    58     3000.0 
   36    59     7000.0 
   36    60     7000.0 
   36    61     7000.0 
   36    62     7000.0 
   36    63     7000.0 
   36    64     7000.0 
   36    65     3000.0 
   36    66     3000.0 
   36    67     7000.0 
   36    68     7000.0 
   36    69     3000.0 
   36    70     3000.0 
   36    71     7000.0 
   36    72     7000.0 
   36    73     3000.0 
   36    74     3000.0 
   36    75     3000.0 
   36    76     3000.0 
   36    77     3000.0 
   36    78     3000.0 
   36    79     3000.0 
   36    80     3000.0 
   36    81     3000.0 
   36    82     3000.0 
   36    83     3000.0 
   36    84     3000.0 
   36    85     7000.0 
   36    86     7000.0 
   36    87     3000.0 
   36    88     3000.0 
   37    16     7000.0 
   37    17     7000.0 
   37    18     3000.0 
   37    19     3000.0 
   37    20     3000.0 
   37    21     3000.0 
   37    22     3000.0 
   37    23     3000.0 
   37    24     3000.0 
   37    25     3000.0 
   37    26     3000.0 
   37    27     3000.0 
   37    28     3000.0 
   37    29     3000.0 
   37    30     3000.0 
   37    31     3000.0 
   37    32     3000.0 
   37    33     3000.0 
   37    34     3000.0 
   37    35     3000.0 
   37    36     3000.0 
   37    37     3000.0 
   37    38     3000.0 
   37    39     3000.0 
   37    40     7000.0 
   37    41     7000.0 
   37    42     3000.0 
   37    43     3000.0 
   37    44     3000.0 
   37    45     3000.0 
   37    46     7000.0 
   37    47     7000.0 
   37    48     3000.0 
   37    49     3000.0 
   37    50     3000.0 
   37    51     3000.0 
   37    52     7000.0 
   37    53     7000.0 
   37    54     7000.0 
   37    55     7000.0 
   37    56     3000.0 
   37    57     3000.0 
   37    58     3000.0 
   37    59     3000.0 
   37    60     7000.0 
   37    61     7000.0 
   37    62     7000.0 
   37    63     7000.0 
   37    64     7000.0 
   37    65     7000.0 
   37    66     3000.0 
   37    67     3000.0 
   37    68     7000.0 
   37    69     7000.0 
   37    70     3000.0 
   37    71     3000.0 
   37    72     7000.0 
   37    73     7000.0 
   37    74     3000.0 
   37    75     3000.0 
   37    76     3000.0 
   37    77     3000.0 
   37    78     3000.0 
   37    79     3000.0 
   37    80     3000.0 
   37    81     3000.0 
   37    82     3000.0 
   37    83     3000.0 
   37    84     3000.0 
   37    85     3000.0 
   37    86     7000.0 
   37    87     7000.0 
   37    88     3000.0 
   37    89     3000.0 
   38    15     7000.0 
   38    16     7000.0 
   38    17     3000.0 
   38    18     3000.0 
   38    19     3000.0 
   38    20     3000.0 
   38    21     3000.0 
   38    22     3000.0 
   38    23     3000.0 
   38    24     3000.0 
   38    25     3000.0 
   38    26     3000.0 
   38    27     3000.0 
   38    28     3000.0 
   38    29     3000.0 
   38    30     3000.0 
   38    31     3000.0 
   38    32     3000.0 
   38    33     3000.0 
   38    34     3000.0 
   38    35     3000.0 
   38    36     3000.0 
   38    37     3000.0 
   38    38     3000.0 
   38    39     7000.0 
   38    40     7000.0 
   38    41     3000.0 
   38    42     3000.0 
   38    43     3000.0 
   38    44     3000.0 
   38    45     7000.0 
   38    46     7000.0 
   38    47     3000.0 
   38    48     3000.0 
   38    49     3000.0 
   38    50     3000.0 
   38    51     7000.0 
   38    52     7000.0 
   38    53     7000.0 
   38    54     7000.0 
   38    55     3000.0 
   38    56     3000.0 
   38    57     3000.0 
   38    58     3000.0 
   38    59     7000.0 
   38    60     7000.0 
   38    61     3000.0 
   38    62     3000.0 
   38    63     7000.0 
   38    64     7000.0 
   38    65     7000.0 
   38    66     7000.0 
   38    67     3000.0 
   38    68     3000.0 
   38    69     7000.0 
   38    70     7000.0 
   38    71     3000.0 
   38    72     3000.0 
   38    73     7000.0 
   38    74     7000.0 
   38    75     3000.0 
   38    76     3000.0 
   38    77     3000.0 
   38    78     3000.0 
   38    79     3000.0 
   38    80     3000.0 
   38    81     3000.0 
   38    82     3000.0 
   38    83     3000.0 
   38    84     3000.0 
   38    85     3000.0 
   38    86     3000.0 
   38    87     7000.0 
   38    88     7000.0 
   38    89     3000.0 
   38    90     3000.0 
   39    14     7000.0 
   39    15     7000.0 
   39    16     3000.0 
   39    17     3000.0 
   39    18     3000.0 
   39    19     3000.0 
   39    20     3000.0 
   39    21     3000.0 
   39    22     3000.0 
   39    23     3000.0 
   39    24     3000.0 
   39    25     3000.0 
   39    26     3000.0 
   39    27     3000.0 
   39    28     3000.0 
   39    29     3000.0 
   39    30     3000.0 
   39    31     3000.0 
   39    32     3000.0 
   39    33     3000.0 
   39    34     3000.0 
   39    35     3000.0 
   39    36     3000.0 
   39    37     3000.0 
   39    38     3000.0 
   39    39     3000.0 
   39    40     3000.0 
   39    41     3000.0 
   39    42     3000.0 
   39    43     3000.0 
   39    44     3000.0 
   39    45     3000.0 
   39    46     7000.0 
   39    47     7000.0 
   39    48     3000.0 
   39    49     3000.0 
   39    50     3000.0 
   39    51     3000.0 
   39    52     7000.0 
   39    53     7000.0 
   39    54     7000.0 
   39    55     7000.0 
   39    56     3000.0 
   39    57     3000.0 
   39    58     3000.0 
   39    59     3000.0 
   39    60     7000.0 
   39    61     7000.0 
   39    62     3000.0 
   39    63     3000.0 
   39    64     7000.0 
   39    65     7000.0 
   39    66     7000.0 
   39    67     7000.0 
   39    68     3000.0 
   39    69     3000.0 
   39    70     7000.0 
   39    71     7000.0 
   39    72     3000.0 
   39    73     3000.0 
   39    74     7000.0 
   39    75     7000.0 
   39    76     3000.0 
   39    77     3000.0 
   39    78     3000.0 
   39    79     3000.0 
   39    80     3000.0 
   39    81     3000.0 
   39    82     3000.0 
   39    83     3000.0 
   39    84     3000.0 
   39    85     3000.0 
   39    86     3000.0 
   39    87     3000.0 
   39    88     7000.0 
   39    89     7000.0 
   39    90     3000.0 
   39    91     3000.0 
   40    13     7000.0 
   40    14     7000.0 
   40    15     3000.0 
   40    16     3000.0 
   40    17     3000.0 
   40    18     3000.0 
   40    19     3000.0 
   40    20     3000.0 
   40    21     3000.0 
   40    22     3000.0 
   40    23     3000.0 
   40    24     3000.0 
   40    25     3000.0 
   40    26     3000.0 
   40    27     3000.0 
   40    28     3000.0 
   40    29     3000.0 
   40    30     3000.0 
   40    31     3000.0 
   40    32     3000.0 
   40    33     3000.0 
   40    34     3000.0 
   40    35     3000.0 
   40    36     3000.0 
   40    37     3000.0 
   40    38     3000.0 
   40    39     3000.0 
   40    40     3000.0 
   40    41     3000.0 
   40    42     3000.0 
   40    43     3000.0 
   40    44     3000.0 
   40    45     7000.0 
   40    46     7000.0 
   40    47     3000.0 
   40    48     3000.0 
   40    49     3000.0 
   40    50     3000.0 
   40    51     7000.0 
   40    52     7000.0 
   40    53     3000.0 
   40    54     3000.0 
   40    55     3000.0 
   40    56     3000.0 
   40    57     3000.0 
   40    58     3000.0 
   40    59     3000.0 
   40    60     3000.0 
   40    61     7000.0 
   40    62     7000.0 
   40    63     3000.0 
   40    64     3000.0 
   40    65     7000.0 
   40    66     7000.0 
   40    67     7000.0 
   40    68     7000.0 
   40    69     3000.0 
   40    70     3000.0 
   40    71     7000.0 
   40    72     7000.0 
   40    73     3000.0 
   40    74     3000.0 
   40    75     7000.0 
   40    76     7000.0 
   40    77     3000.0 
   40    78     3000.0 
   40    79     3000.0 
   40    80     3000.0 
   40    81     3000.0 
   40    82     3000.0 
   40    83     3000.0 
   40    84     3000.0 
   40    85     3000.0 
   40    86     3000.0 
   40    87     3000.0 
   40    88     3000.0 
   40    89     7000.0 
   40    90     7000.0 
   40    91     3000.0 
   40    92     3000.0 
   41    12     7000.0 
   41    13     7000.0 
   41    14     3000.0 
   41    15     3000.0 
   41    16     3000.0 
   41    17     3000.0 
   41    18     3000.0 
   41    19     3000.0 
   41    20     3000.0 
   41    21     3000.0 
   41    22     3000.0 
   41    23     3000.0 
   41    24     3000.0 
   41    25     3000.0 
   41    26     3000.0 
   41    27     3000.0 
   41    28     3000.0 
   41    29     3000.0 
   41    30     3000.0 
   41    31     3000.0 
   41    32     3000.0 
   41    33     3000.0 
   41    34     3000.0 
   41    35     3000.0 
   41    36     3000.0 
   41    37     3000.0 
   41    38     3000.0 
   41    39     3000.0 
   41    40     3000.0 
   41    41     3000.0 
   41    42     3000.0 
   41    43     3000.0 
   41    44     7000.0 
   41    45     7000.0 
   41    46     3000.0 
   41    47     3000.0 
   41    48     3000.0 
   41    49     3000.0 
   41    50     7000.0 
   41    51     7000.0 
   41    52     3000.0 
   41    53     3000.0 
   41    54     3000.0 
   41    55     3000.0 
   41    56     3000.0 
   41    57     3000.0 
   41    58     3000.0 
   41    59     3000.0 
   41    60     7000.0 
   41    61     7000.0 
   41    62     3000.0 
   41    63     3000.0 
   41    64     7000.0 
   41    65     7000.0 
   41    66     7000.0 
   41    67     7000.0 
   41    68     3000.0 
   41    69     3000.0 
   41    70     3000.0 
   41    71     3000.0 
   41    72     3000.0 
   41    73     3000.0 
   41    74     3000.0 
   41    75     3000.0 
   41    76     7000.0 
   41    77     7000.0 
   41    78     3000.0 
   41    79     3000.0 
   41    80     3000.0 
   41    81     3000.0 
   41    82     3000.0 
   41    83     3000.0 
   41    84     3000.0 
   41    85     3000.0 
   41    86     3000.0 
   41    87     3000.0 
   41    88     3000.0 
   41    89     3000.0 
   41    90     7000.0 
   41    91     7000.0 
   41    92     3000.0 
   41    93     3000.0 
   42    11     7000.0 
   42    12     7000.0 
   42    13     3000.0 
   42    14     3000.0 
   42    15     3000.0 
   42    16     3000.0 
   42    17     3000.0 
   42    18     3000.0 
   42    19     3000.0 
   42    20     3000.0 
   42    21     3000.0 
   42    22     3000.0 
   42    23     3000.0 
   42    24     3000.0 
   42    25     3000.0 
   42    26     3000.0 
   42    27     3000.0 
   42    28     3000.0 
   42    29     3000.0 
   42    30     3000.0 
   42    31     3000.0 
   42    32     3000.0 
   42    33     3000.0 
   42    34     3000.0 
   42    35     3000.0 
   42    36     3000.0 
   42    37     3000.0 
   42    38     3000.0 
   42    39     3000.0 
   42    40     3000.0 
   42    41     3000.0 
   42    42     3000.0 
   42    43     7000.0 
   42    44     7000.0 
   42    45     3000.0 
   42    46     3000.0 
   42    47     3000.0 
   42    48     3000.0 
   42    49     7000.0 
   42    50     7000.0 
   42    51     3000.0 
   42    52     3000.0 
   42    53     3000.0 
   42    54     3000.0 
   42    55     3000.0 
   42    56     3000.0 
   42    57     3000.0 
   42    58     3000.0 
   42    59     7000.0 
   42    60     7000.0 
   42    61     3000.0 
   42    62     3000.0 
   42    63     3000.0 
   42    64     3000.0 
   42    65     7000.0 
   42    66     7000.0 
   42    67     7000.0 
   42    68     7000.0 
   42    69     3000.0 
   42    70     3000.0 
   42    71     3000.0 
   42    72     3000.0 
   42    73     3000.0 
   42    74     3000.0 
   42    75     3000.0 
   42    76     3000.0 
   42    77     7000.0 
   42    78     7000.0 
   42    79     3000.0 
   42    80     3000.0 
   42    81     3000.0 
   42    82     3000.0 
   42    83     3000.0 
   42    84     3000.0 
   42    85     3000.0 
   42    86     3000.0 
   42    87     3000.0 
   42    88     3000.0 
   42    89     3000.0 
   42    90     3000.0 
   42    91     7000.0 
   42    92     7000.0 
   42    93     3000.0 
   42    94     3000.0 
   43    10     7000.0 
   43    11     7000.0 
   43    12     3000.0 
   43    13     3000.0 
   43    14     3000.0 
   43    15     3000.0 
   43    16     3000.0 
   43    17     3000.0 
   43    18     3000.0 
   43    19     3000.0 
   43    20     3000.0 
   43    21     3000.0 
   43    22     3000.0 
   43    23     3000.0 
   43    24     3000.0 
   43    25     3000.0 
   43    26     3000.0 
   43    27     3000.0 
   43    28     3000.0 
   43    29     3000.0 
   43    30     3000.0 
   43    31     3000.0 
   43    32     3000.0 
   43    33     3000.0 
   43    34     3000.0 
   43    35     3000.0 
   43    36     3000.0 
   43    37     3000.0 
   43    38     3000.0 
   43    39     3000.0 
   43    40     3000.0 
   43    41     3000.0 
   43    42     7000.0 
   43    43     7000.0 
   43    44     3000.0 
   43    45     3000.0 
   43    46     3000.0 
   43    47     3000.0 
   43    48     7000.0 
   43    49     7000.0 
   43    50     3000.0 
   43    51     3000.0 
   43    52     3000.0 
   43    53     3000.0 
   43    54     3000.0 
   43    55     3000.0 
   43    56     3000.0 
   43    57     3000.0 
   43    58     7000.0 
   43    59     7000.0 
   43    60     3000.0 
   43    61     3000.0 
   43    62     3000.0 
   43    63     3000.0 
   43    64     7000.0 
   43    65     7000.0 
   43    66     3000.0 
   43    67     3000.0 
   43    68     3000.0 
   43    69     3000.0 
   43    70     3000.0 
   43    71     3000.0 
   43    72     3000.0 
   43    73     3000.0 
   43    74     3000.0 
   43    75     3000.0 
   43    76     3000.0 
   43    77     3000.0 
   43    78     7000.0 
   43    79     7000.0 
   43    80     3000.0 
   43    81     3000.0 
   43    82     3000.0 
   43    83     3000.0 
   43    84     3000.0 
   43    85     3000.0 
   43    86     3000.0 
   43    87     3000.0 
   43    88     3000.0 
   43    89     3000.0 
   43    90     3000.0 
   43    91     3000.0 
   43    92     7000.0 
   43    93     7000.0 
   43    94     3000.0 
   43    95     3000.0 
   44     9     7000.0 
   44    10     7000.0 
   44    11     3000.0 
   44    12     3000.0 
   44    13     3000.0 
   44    14     3000.0 
   44    15     3000.0 
   44    16     3000.0 
   44    17     3000.0 
   44    18     3000.0 
   44    19     3000.0 
   44    20     3000.0 
   44    21     3000.0 
   44    22     3000.0 
   44    23     3000.0 
   44    24     3000.0 
   44    25     3000.0 
   44    26     3000.0 
   44    27     3000.0 
   44    28     3000.0 
   44    29     3000.0 
   44    30     3000.0 
   44    31     3000.0 
   44    32     3000.0 
   44    33     3000.0 
   44    34     3000.0 
   44    35     3000.0 
   44    36     3000.0 
   44    37     3000.0 
   44    38     3000.0 
   44    39     3000.0 
   44    40     3000.0 
   44    41     7000.0 
   44    42     7000.0 
   44    43     3000.0 
   44    44     3000.0 
   44    45     3000.0 
   44    46     3000.0 
   44    47     3000.0 
   44    48     3000.0 
   44    49     7000.0 
   44    50     7000.0 
   44    51     3000.0 
   44    52     3000.0 
   44    53     3000.0 
   44    54     3000.0 
   44    55     3000.0 
   44    56     3000.0 
   44    57     3000.0 
   44    58     3000.0 
   44    59     7000.0 
   44    60     7000.0 
   44    61     3000.0 
   44    62     3000.0 
   44    63     3000.0 
   44    64     3000.0 
   44    65     7000.0 
   44    66     7000.0 
   44    67     3000.0 
   44    68     3000.0 
   44    69     3000.0 
   44    70     3000.0 
   44    71     3000.0 
   44    72     3000.0 
   44    73     3000.0 
   44    74     3000.0 
   44    75     3000.0 
   44    76     3000.0 
   44    77     3000.0 
   44    78     3000.0 
   44    79     7000.0 
   44    80     7000.0 
   44    81     3000.0 
   44    82     3000.0 
   44    83     3000.0 
   44    84     3000.0 
   44    85     3000.0 
   44    86     3000.0 
   44    87     3000.0 
   44    88     3000.0 
   44    89     3000.0 
   44    90     3000.0 
   44    91     3000.0 
   44    92     3000.0 
   44    93     7000.0 
   44    94     7000.0 
   44    95     3000.0 
   44    96     3000.0 
   45     8     7000.0 
   45     9     7000.0 
   45    10     3000.0 
   45    11     3000.0 
   45    12     3000.0 
   45    13     3000.0 
   45    14     3000.0 
   45    15     3000.0 
   45    16     3000.0 
   45    17     3000.0 
   45    18     3000.0 
   45    19     3000.0 
   45    20     3000.0 
   45    21     3000.0 
   45    22     3000.0 
   45    23     3000.0 
   45    24     3000.0 
   45    25     3000.0 
   45    26     3000.0 
   45    27     3000.0 
   45    28     3000.0 
   45    29     3000.0 
   45    30     3000.0 
   45    31     3000.0 
   45    32     3000.0 
   45    33     3000.0 
   45    34     3000.0 
   45    35     3000.0 
   45    36     3000.0 
   45    37     3000.0 
   45    38     3000.0 
   45    39     3000.0 
   45    40     7000.0 
   45    41     7000.0 
   45    42     3000.0 
   45    43     3000.0 
   45    44     3000.0 
   45    45     3000.0 
   45    46     3000.0 
   45    47     3000.0 
   45    48     7000.0 
   45    49     7000.0 
   45    50     3000.0 
   45    51     3000.0 
   45    52     3000.0 
   45    53     3000.0 
   45    54     3000.0 
   45    55     3000.0 
   45    56     3000.0 
   45    57     3000.0 
   45    58     3000.0 
   45    59     3000.0 
   45    60     7000.0 
   45    61     7000.0 
   45    62     3000.0 
   45    63     3000.0 
   45    64     3000.0 
   45    65     3000.0 
   45    66     7000.0 
   45    67     7000.0 
   45    68     3000.0 
   45    69     3000.0 
   45    70     3000.0 
   45    71     3000.0 
   45    72     3000.0 
   45    73     3000.0 
   45    74     3000.0 
   45    75     3000.0 
   45    76     3000.0 
   45    77     3000.0 
   45    78     3000.0 
   45    79     3000.0 
   45    80     7000.0 
   45    81     7000.0 
   45    82     3000.0 
   45    83     3000.0 
   45    84     3000.0 
   45    85     3000.0 
   45    86     3000.0 
   45    87     3000.0 
   45    88     3000.0 
   45    89     3000.0 
   45    90     3000.0 
   45    91     3000.0 
   45    92     3000.0 
   45    93     3000.0 
   45    94     7000.0 
   45    95     7000.0 
   45    96     3000.0 
   45    97     3000.0 
   46     7     7000.0 
   46     8     7000.0 
   46     9     3000.0 
   46    10     3000.0 
   46    11     3000.0 
   46    12     3000.0 
   46    13     3000.0 
   46    14     3000.0 
   46    15     3000.0 
   46    16     3000.0 
   46    17     3000.0 
   46    18     3000.0 
   46    19     3000.0 
   46    20     3000.0 
   46    21     3000.0 
   46    22     3000.0 
   46    23     3000.0 
   46    24     3000.0 
   46    25     3000.0 
   46    26     3000.0 
   46    27     3000.0 
   46    28     3000.0 
   46    29     3000.0 
   46    30     3000.0 
   46    31     3000.0 
   46    32     3000.0 
   46    33     3000.0 
   46    34     3000.0 
   46    35     3000.0 
   46    36     3000.0 
   46    37     3000.0 
   46    38     3000.0 
   46    39     7000.0 
   46    40     7000.0 
   46    41     3000.0 
   46    42     3000.0 
   46    43     3000.0 
   46    44     3000.0 
   46    45     3000.0 
   46    46     3000.0 
   46    47     7000.0 
   46    48     7000.0 
   46    49     3000.0 
   46    50     3000.0 
   46    51     3000.0 
   46    52     3000.0 
   46    53     3000.0 
   46    54     3000.0 
   46    55     3000.0 
   46    56     3000.0 
   46    57     3000.0 
   46    58     3000.0 
   46    59     7000.0 
   46    60     7000.0 
   46    61     3000.0 
   46    62     3000.0 
   46    63     3000.0 
   46    64     3000.0 
   46    65     7000.0 
   46    66     7000.0 
   46    67     3000.0 
   46    68     3000.0 
   46    69     3000.0 
   46    70     3000.0 
   46    71     3000.0 
   46    72     3000.0 
   46    73     3000.0 
   46    74     3000.0 
   46    75     3000.0 
   46    76     3000.0 
   46    77     3000.0 
   46    78     3000.0 
   46    79     7000.0 
   46    80     7000.0 
   46    81     3000.0 
   46    82     3000.0 
   46    83     3000.0 
   46    84     3000.0 
   46    85     3000.0 
   46    86     3000.0 
   46    87     3000.0 
   46    88     3000.0 
   46    89     3000.0 
   46    90     3000.0 
   46    91     3000.0 
   46    92     3000.0 
   46    93     7000.0 
   46    94     7000.0 
   46    95     3000.0 
   46    96     3000.0 
   46    97     3000.0 
   46    98     3000.0 
   47     6     7000.0 
   47     7     7000.0 
   47     8     3000.0 
   47     9     3000.0 
   47    10     3000.0 
   47    11     3000.0 
   47    12     3000.0 
   47    13     3000.0 
   47    14     3000.0 
   47    15     3000.0 
   47    16     3000.0 
   47    17     3000.0 
   47    18     3000.0 
   47    19     3000.0 
   47    20     3000.0 
   47    21     3000.0 
   47    22     3000.0 
   47    23     3000.0 
   47    24     3000.0 
   47    25     3000.0 
   47    26     3000.0 
   47    27     3000.0 
   47    28     3000.0 
   47    29     3000.0 
   47    30     3000.0 
   47    31     3000.0 
   47    32     3000.0 
   47    33     3000.0 
   47    34     3000.0 
   47    35     3000.0 
   47    36     3000.0 
   47    37     3000.0 
   47    38     7000.0 
   47    39     7000.0 
   47    40     3000.0 
   47    41     3000.0 
   47    42     3000.0 
   47    43     3000.0 
   47    44     3000.0 
   47    45     3000.0 
   47    46     7000.0 
   47    47     7000.0 
   47    48     3000.0 
   47    49     3000.0 
   47    50     3000.0 
   47    51     3000.0 
   47    52     3000.0 
   47    53     3000.0 
   47    54     3000.0 
   47    55     3000.0 
   47    56     3000.0 
   47    57     3000.0 
   47    58     7000.0 
   47    59     7000.0 
   47    60     3000.0 
   47    61     3000.0 
   47    62     3000.0 
   47    63     3000.0 
   47    64     3000.0 
   47    65     3000.0 
   47    66     3000.0 
   47    67     3000.0 
   47    68     3000.0 
   47    69     3000.0 
   47    70     3000.0 
   47    71     3000.0 
   47    72     3000.0 
   47    73     3000.0 
   47    74     3000.0 
   47    75     3000.0 
   47    76     3000.0 
   47    77     3000.0 
   47    78     3000.0 
   47    79     3000.0 
   47    80     7000.0 
   47    81     7000.0 
   47    82     3000.0 
   47    83     3000.0 
   47    84     3000.0 
   47    85     3000.0 
   47    86     3000.0 
   47    87     3000.0 
   47    88     3000.0 
   47    89     3000.0 
   47    90     3000.0 
   47    91     3000.0 
   47    92     3000.0 
   47    93     3000.0 
   47    94     7000.0 
   47    95     7000.0 
   47    96     3000.0 
   47    97     3000.0 
   47    98     3000.0 
   47    99     3000.0 
   48     5     7000.0 
   48     6     7000.0 
   48     7     3000.0 
   48     8     3000.0 
   48     9     3000.0 
   48    10     3000.0 
   48    11     3000.0 
   48    12     3000.0 
   48    13     3000.0 
   48    14     3000.0 
   48    15     3000.0 
   48    16     3000.0 
   48    17     3000.0 
   48    18     3000.0 
   48    19     3000.0 
   48    20     3000.0 
   48    21     3000.0 
   48    22     3000.0 
   48    23     3000.0 
   48    24     3000.0 
   48    25     3000.0 
   48    26     3000.0 
   48    27     3000.0 
   48    28     3000.0 
   48    29     3000.0 
   48    30     3000.0 
   48    31     3000.0 
   48    32     3000.0 
   48    33     3000.0 
   48    34     3000.0 
   48    35     3000.0 
   48    36     3000.0 
   48    37     7000.0 
   48    38     7000.0 
   48    39     3000.0 
   48    40     3000.0 
   48    41     3000.0 
   48    42     3000.0 
   48    43     3000.0 
   48    44     3000.0 
   48    45     7000.0 
   48    46     7000.0 
   48    47     3000.0 
   48    48     3000.0 
   48    49     3000.0 
   48    50     3000.0 
   48    51     3000.0 
   48    52     3000.0 
   48    53     3000.0 
   48    54     3000.0 
   48    55     3000.0 
   48    56     3000.0 
   48    57     7000.0 
   48    58     7000.0 
   48    59     3000.0 
   48    60     3000.0 
   48    61     3000.0 
   48    62     3000.0 
   48    63     3000.0 
   48    64     3000.0 
   48    65     3000.0 
   48    66     3000.0 
   48    67     3000.0 
   48    68     3000.0 
   48    69     3000.0 
   48    70     3000.0 
   48    71     3000.0 
   48    72     3000.0 
   48    73     3000.0 
   48    74     3000.0 
   48    75     3000.0 
   48    76     3000.0 
   48    77     3000.0 
   48    78     3000.0 
   48    79     7000.0 
   48    80     7000.0 
   48    81     3000.0 
   48    82     3000.0 
   48    83     3000.0 
   48    84     3000.0 
   48    85     3000.0 
   48    86     3000.0 
   48    87     3000.0 
   48    88     3000.0 
   48    89     3000.0 
   48    90     3000.0 
   48    91     3000.0 
   48    92     3000.0 
   48    93     3000.0 
   48    94     3000.0 
   48    95     3000.0 
   48    96     3000.0 
   48    97     3000.0 
   48    98     3000.0 
   48    99     3000.0 
   48   100     3000.0 
   49     4     7000.0 
   49     5     7000.0 
   49     6     3000.0 
   49     7     3000.0 
   49     8     3000.0 
   49     9     3000.0 
   49    10     3000.0 
   49    11     3000.0 
   49    12     3000.0 
   49    13     3000.0 
   49    14     3000.0 
   49    15     3000.0 
   49    16     3000.0 
   49    17     3000.0 
   49    18     3000.0 
   49    19     3000.0 
   49    20     3000.0 
   49    21     3000.0 
   49    22     3000.0 
   49    23     3000.0 
   49    24     3000.0 
   49    25     3000.0 
   49    26     3000.0 
   49    27     3000.0 
   49    28     3000.0 
   49    29     3000.0 
   49    30     3000.0 
   49    31     3000.0 
   49    32     3000.0 
   49    33     3000.0 
   49    34     3000.0 
   49    35     3000.0 
   49    36     3000.0 
   49    37     3000.0 
   49    38     3000.0 
   49    39     3000.0 
   49    40     3000.0 
   49    41     3000.0 
   49    42     3000.0 
   49    43     3000.0 
   49    44     3000.0 
   49    45     3000.0 
   49    46     7000.0 
   49    47     7000.0 
   49    48     3000.0 
   49    49     3000.0 
   49    50     3000.0 
   49    51     3000.0 
   49    52     3000.0 
   49    53     3000.0 
   49    54     3000.0 
   49    55     3000.0 
   49    56     3000.0 
   49    57     3000.0 
   49    58     7000.0 
   49    59     7000.0 
   49    60     3000.0 
   49    61     3000.0 
   49    62     3000.0 
   49    63     3000.0 
   49    64     3000.0 
   49    65     3000.0 
   49    66     3000.0 
   49    67     3000.0 
   49    68     3000.0 
   49    69     3000.0 
   49    70     3000.0 
   49    71     3000.0 
   49    72     3000.0 
   49    73     3000.0 
   49    74     3000.0 
   49    75     3000.0 
   49    76     3000.0 
   49    77     3000.0 
   49    78     3000.0 
   49    79     3000.0 
   49    80     7000.0 
   49    81     7000.0 
   49    82     3000.0 
   49    83     3000.0 
   49    84     3000.0 
   49    85     3000.0 
   49    86     3000.0 
   49    87     3000.0 
   49    88     3000.0 
   49    89     3000.0 
   49    90     3000.0 
   49    91     3000.0 
   49    92     3000.0 
   49    93     3000.0 
   49    94     3000.0 
   49    95     3000.0 
   49    96     3000.0 
   49    97     3000.0 
   49    98     3000.0 
   49    99     3000.0 
   49   100     3000.0 
   49   101     3000.0 
   50     3     3000.0 
   50     4     3000.0 
   50     5     3000.0 
   50     6     3000.0 
   50     7     3000.0 
   50     8     3000.0 
   50     9     3000.0 
   50    10     3000.0 
   50    11     3000.0 
   50    12     3000.0 
   50    13     3000.0 
   50    14     3000.0 
   50    15     3000.0 
   50    16     3000.0 
   50    17     3000.0 
   50    18     3000.0 
   50    19     3000.0 
   50    20     3000.0 
   50    21     3000.0 
   50    22     3000.0 
   50    23     3000.0 
   50    24     3000.0 
   50    25     3000.0 
   50    26     3000.0 
   50    27     3000.0 
   50    28     3000.0 
   50    29     3000.0 
   50    30     3000.0 
   50    31     3000.0 
   50    32     3000.0 
   50    33     3000.0 
   50    34     3000.0 
   50    35     3000.0 
   50    36     3000.0 
   50    37     3000.0 
   50    38     3000.0 
   50    39     3000.0 
   50    40     3000.0 
   50    41     3000.0 
   50    42     3000.0 
   50    43     3000.0 
   50    44     3000.0 
   50    45     3000.0 
   50    46     3000.0 
   50    47     7000.0 
   50    48     7000.0 
   50    49     3000.0 
   50    50     3000.0 
   50    51     3000.0 
   50    52     3000.0 
   50    53     3000.0 
   50    54     3000.0 
   50    55     3000.0 
   50    56     3000.0 
   50    57     3000.0 
   50    58     3000.0 
   50    59     7000.0 
   50    60     7000.0 
   50    61     3000.0 
   50    62     3000.0 
   50    63     3000.0 
   50    64     3000.0 
   50    65     3000.0 
   50    66     3000.0 
   50    67     3000.0 
   50    68     3000.0 
   50    69     3000.0 
   50    70     3000.0 
   50    71     3000.0 
   50    72     3000.0 
   50    73     3000.0 
   50    74     3000.0 
   50    75     3000.0 
   50    76     3000.0 
   50    77     3000.0 
   50    78     3000.0 
   50    79     3000.0 
   50    80     3000.0 
   50    81     7000.0 
   50    82     7000.0 
   50    83     3000.0 
   50    84     3000.0 
   50    85     3000.0 
   50    86     3000.0 
   50    87     3000.0 
   50    88     3000.0 
   50    89     3000.0 
   50    90     3000.0 
   50    91     3000.0 
   50    92     3000.0 
   50    93     3000.0 
   50    94     3000.0 
   50    95     3000.0 
   50    96     3000.0 
   50    97     3000.0 
   50    98     3000.0 
   50    99     3000.0 
   50   100     3000.0 
   50   101     3000.0 
   50   102     3000.0 
   51     2     3000.0 
   51     3     3000.0 
   51     4     3000.0 
   51     5     3000.0 
   51     6     3000.0 
   51     7     3000.0 
   51     8     3000.0 
   51     9     3000.0 
   51    10     3000.0 
   51    11     3000.0 
   51    12     3000.0 
   51    13     3000.0 
   51    14     3000.0 
   51    15     3000.0 
   51    16     3000.0 
   51    17     3000.0 
   51    18     3000.0 
   51    19     3000.0 
   51    20     3000.0 
   51    21     3000.0 
   51    22     3000.0 
   51    23     3000.0 
   51    24     3000.0 
   51    25     3000.0 
   51    26     3000.0 
   51    27     3000.0 
   51    28     3000.0 
   51    29     3000.0 
   51    30     3000.0 
   51    31     3000.0 
   51    32     3000.0 
   51    33     3000.0 
   51    34     3000.0 
   51    35     3000.0 
   51    36     3000.0 
   51    37     3000.0 
   51    38     3000.0 
   51    39     3000.0 
   51    40     3000.0 
   51    41     3000.0 
   51    42     3000.0 
   51    43     3000.0 
   51    44     3000.0 
   51    45     3000.0 
   51    46     7000.0 
   51    47     7000.0 
   51    48     3000.0 
   51    49     3000.0 
   51    50     3000.0 
   51    51     3000.0 
   51    52     3000.0 
   51    53     3000.0 
   51    54     3000.0 
   51    55     3000.0 
   51    56     3000.0 
   51    57     3000.0 
   51    58     7000.0 
   51    59     7000.0 
   51    60     3000.0 
   51    61     3000.0 
   51    62     3000.0 
   51    63     3000.0 
   51    64     3000.0 
   51    65     3000.0 
   51    66     3000.0 
   51    67     3000.0 
   51    68     3000.0 
   51    69     3000.0 
   51    70     3000.0 
   51    71     3000.0 
   51    72     3000.0 
   51    73     3000.0 
   51    74     3000.0 
   51    75     3000.0 
   51    76     3000.0 
   51    77     3000.0 
   51    78     3000.0 
   51    79     3000.0 
   51    80     3000.0 
   51    81     3000.0 
   51    82     3000.0 
   51    83     3000.0 
   51    84     3000.0 
   51    85     3000.0 
   51    86     3000.0 
   51    87     3000.0 
   51    88     3000.0 
   51    89     3000.0 
   51    90     3000.0 
   51    91     3000.0 
   51    92     3000.0 
   51    93     3000.0 
   51    94     3000.0 
   51    95     3000.0 
   51    96     3000.0 
   51    97     3000.0 
   51    98     3000.0 
   51    99     3000.0 
   51   100     3000.0 
   51   101     3000.0 
   51   102     3000.0 
   51   103     3000.0 
   52     1     3000.0 
   52     2     3000.0 
   52     3     3000.0 
   52     4     3000.0 
   52     5     3000.0 
   52     6     3000.0 
   52     7     3000.0 
   52     8     3000.0 
   52     9     3000.0 
   52    10     3000.0 
   52    11     3000.0 
   52    12     3000.0 
   52    13     3000.0 
   52    14     3000.0 
   52    15     3000.0 
   52    16     3000.0 
   52    17     3000.0 
   52    18     3000.0 
   52    19     3000.0 
   52    20     3000.0 
   52    21     3000.0 
   52    22     3000.0 
   52    23     3000.0 
   52    24     3000.0 
   52    25     3000.0 
   52    26     3000.0 
   52    27     3000.0 
   52    28     3000.0 
   52    29     3000.0 
   52    30     3000.0 
   52    31     3000.0 
   52    32     3000.0 
   52    33     3000.0 
   52    34     3000.0 
   52    35     3000.0 
   52    36     3000.0 
   52    37     3000.0 
   52    38     3000.0 
   52    39     3000.0 
   52    40     3000.0 
   52    41     3000.0 
   52    42     3000.0 
   52    43     3000.0 
   52    44     3000.0 
   52    45     3000.0 
   52    46     3000.0 
   52    47     3000.0 
   52    48     3000.0 
   52    49     3000.0 
   52    50     3000.0 
   52    51     3000.0 
   52    52     3000.0 
   52    53     3000.0 
   52    54     3000.0 
   52    55     3000.0 
   52    56     3000.0 
   52    57     3000.0 
   52    58     3000.0 
   52    59     7000.0 
   52    60     7000.0 
   52    61     3000.0 
   52    62     3000.0 
   52    63     3000.0 
   52    64     3000.0 
   52    65     3000.0 
   52    66     3000.0 
   52    67     3000.0 
   52    68     3000.0 
   52    69     3000.0 
   52    70     3000.0 
   52    71     3000.0 
   52    72     3000.0 
   52    73     3000.0 
   52    74     3000.0 
   52    75     3000.0 
   52    76     3000.0 
   52    77     3000.0 
   52    78     3000.0 
   52    79     3000.0 
   52    80     3000.0 
   52    81     3000.0 
   52    82     3000.0 
   52    83     3000.0 
   52    84     3000.0 
   52    85     3000.0 
   52    86     3000.0 
   52    87     3000.0 
   52    88     3000.0 
   52    89     3000.0 
   52    90     3000.0 
   52    91     3000.0 
   52    92     3000.0 
   52    93     3000.0 
   52    94     3000.0 
   52    95     3000.0 
   52    96     3000.0 
   52    97     3000.0 
   52    98     3000.0 
   52    99     3000.0 
   52   100     3000.0 
   52   101     3000.0 
   52   102     3000.0 
   52   103     3000.0 
   52   104     3000.0 
   53     0     3000.0 
   53     1     3000.0 
   53     2     3000.0 
   53     3     3000.0 
   53     4     3000.0 
   53     5     3000.0 
   53     6     3000.0 
   53     7     3000.0 
   53     8     3000.0 
   53     9     3000.0 
   53    10     3000.0 
   53    11     3000.0 
   53    12     3000.0 
   53    13     3000.0 
   53    14     3000.0 
   53    15     3000.0 
   53    16     3000.0 
   53    17     3000.0 
   53    18     3000.0 
   53    19     3000.0 
   53    20     3000.0 
   53    21     3000.0 
   53    22     3000.0 
   53    23     3000.0 
   53    24     3000.0 
   53    25     3000.0 
   53    26     3000.0 
   53    27     3000.0 
   53    28     3000.0 
   53    29     3000.0 
   53    30     3000.0 
   53    31     3000.0 
   53    32     3000.0 
   53    33     3000.0 
   53    34     3000.0 
   53    35     3000.0 
   53    36     3000.0 
   53    37     3000.0 
   53    38     3000.0 
   53    39     3000.0 
   53    40     3000.0 
   53    41     3000.0 
   53    42     3000.0 
   53    43     3000.0 
   53    44     3000.0 
   53    45     3000.0 
   53    46     3000.0 
   53    47     3000.0 
   53    48     3000.0 
   53    49     3000.0 
   53    50     3000.0 
   53    51     3000.0 
   53    52     3000.0 
   53    53     3000.0 
   53    54     3000.0 
   53    55     3000.0 
   53    56     3000.0 
   53    57     3000.0 
   53    58     3000.0 
   53    59     3000.0 
   53    60     3000.0 
   53    61     3000.0 
   53    62     3000.0 
   53    63     3000.0 
   53    64     3000.0 
   53    65     3000.0 
   53    66     3000.0 
   53    67     3000.0 
   53    68     3000.0 
   53    69     3000.0 
   53    70     3000.0 
   53    71     3000.0 
   53    72     3000.0 
   53    73     3000.0 
   53    74     3000.0 
   53    75     3000.0 
   53    76     3000.0 
   53    77     3000.0 
   53    78     3000.0 
   53    79     3000.0 
   53    80     3000.0 
   53    81     3000.0 
   53    82     3000.0 
   53    83     3000.0 
   53    84     3000.0 
   53    85     3000.0 
   53    86     3000.0 
   53    87     3000.0 
   53    88     3000.0 
   53    89     3000.0 
   53    90     3000.0 
   53    91     3000.0 
   53    92     3000.0 
   53    93     3000.0 
   53    94     3000.0 
   53    95     3000.0 
   53    96     3000.0 
   53    97     3000.0 
   53    98     3000.0 
   53    99     3000.0 
   53   100     3000.0 
   53   101     3000.0 
   53   102     3000.0 
   53   103     3000.0 
   53   104     3000.0 
   53   105     3000.0 
