  1     7.46      4.34      5.64  
  2     7.80      4.05      7.38  
  3     9.36     10.40      4.51  
  4     9.81     13.52      5.32  
  5     9.89     18.93      9.22  
  6    17.86     15.16      9.70  
  7    20.75     22.79      6.34  
  8    22.75     24.56      9.53  
  9    22.65     30.42      9.92  
 10    29.22     35.87     16.65  
 11    25.36     32.77     15.58  
 12    32.53     42.43     14.43  
 13    37.16     40.49     16.58  
 14    36.66     44.91     13.66  
 15    35.74     48.63     15.51  
 16    37.92     55.23     18.49  
 17    41.23     56.99     19.30  
 18    46.48     59.09     22.99  
 19    53.18     63.82     24.31  
 20    54.49     66.83     22.73  
